TOTAL_START=Thu Mar 16 12:45:14 2017
PREPROCESSING_START=0
PREPROCESSING_DONE=0
SEARCH_START=Thu Mar 16 12:45:14 2017
SEARCH_DONE=Thu Mar 16 12:45:19 2017
SOLUTION_TIME=4.6261938
STATUS=success
SOLUTION=(2,11,1,7,6,10,12,3,8,4,5,9,12,3,10,2,11,4,9,7,5,1,8,6,7,4,8,5,9,3,6,1,10,2,11,12,9,5,6,1,12,8,4,2,11,10,3,7,10,7,4,11,2,6,8,12,3,9,1,5,6,1,12,3,8,5,10,9,2,7,4,11,3,9,11,10,7,12,1,5,4,8,6,2,8,2,5,9,4,1,11,6,7,12,10,3,1,8,2,6,5,7,3,4,12,11,9,10,5,6,7,4,10,9,2,11,1,3,12,8,11,10,3,12,1,2,5,8,9,6,7,4,4,12,9,8,3,11,7,10,6,5,2,1)
COUNT_NODES=52
COUNT_DEADENDS=18
N:12	p:4	q:3
2 B 1 | 7 6 A | C 3 8 | 4 5 9 
C 3 A | 2 B 4 | 9 7 5 | 1 8 6 
7 4 8 | 5 9 3 | 6 1 A | 2 B C 
9 5 6 | 1 C 8 | 4 2 B | A 3 7 
- - - - - - - - - - - - - - - 
A 7 4 | B 2 6 | 8 C 3 | 9 1 5 
6 1 C | 3 8 5 | A 9 2 | 7 4 B 
3 9 B | A 7 C | 1 5 4 | 8 6 2 
8 2 5 | 9 4 1 | B 6 7 | C A 3 
- - - - - - - - - - - - - - - 
1 8 2 | 6 5 7 | 3 4 C | B 9 A 
5 6 7 | 4 A 9 | 2 B 1 | 3 C 8 
B A 3 | C 1 2 | 5 8 9 | 6 7 4 
4 C 9 | 8 3 B | 7 A 6 | 5 2 1 
