TOTAL_START=Thu Mar 16 12:45:10 2017
PREPROCESSING_START=0
PREPROCESSING_DONE=0
SEARCH_START=Thu Mar 16 12:45:10 2017
SEARCH_DONE=Thu Mar 16 12:45:14 2017
SOLUTION_TIME=4.2585049
STATUS=success
SOLUTION=(3,12,5,6,4,7,9,10,8,11,2,1,8,7,11,10,3,12,1,2,5,4,6,9,4,2,9,1,6,8,5,11,10,7,3,12,2,6,8,3,7,9,12,4,11,1,5,10,10,1,12,7,11,6,8,5,3,9,4,2,9,11,4,5,10,2,3,1,12,6,8,7,11,3,7,8,9,1,6,12,4,2,10,5,5,10,6,9,2,3,4,7,1,12,11,8,1,4,2,12,5,11,10,8,9,3,7,6,12,8,10,2,1,4,11,6,7,5,9,3,6,5,3,11,12,10,7,9,2,8,1,4,7,9,1,4,8,5,2,3,6,10,12,11)
COUNT_NODES=52
COUNT_DEADENDS=41
N:12	p:3	q:4
3 C 5 6 | 4 7 9 A | 8 B 2 1 
8 7 B A | 3 C 1 2 | 5 4 6 9 
4 2 9 1 | 6 8 5 B | A 7 3 C 
- - - - - - - - - - - - - - 
2 6 8 3 | 7 9 C 4 | B 1 5 A 
A 1 C 7 | B 6 8 5 | 3 9 4 2 
9 B 4 5 | A 2 3 1 | C 6 8 7 
- - - - - - - - - - - - - - 
B 3 7 8 | 9 1 6 C | 4 2 A 5 
5 A 6 9 | 2 3 4 7 | 1 C B 8 
1 4 2 C | 5 B A 8 | 9 3 7 6 
- - - - - - - - - - - - - - 
C 8 A 2 | 1 4 B 6 | 7 5 9 3 
6 5 3 B | C A 7 9 | 2 8 1 4 
7 9 1 4 | 8 5 2 3 | 6 A C B 
