TOTAL_START=Thu Mar 16 12:45:19 2017
PREPROCESSING_START=0
PREPROCESSING_DONE=0
SEARCH_START=Thu Mar 16 12:45:19 2017
SEARCH_DONE=Thu Mar 16 12:45:37 2017
SOLUTION_TIME=18.8540571
STATUS=success
SOLUTION=(2,6,12,10,1,11,5,4,7,9,8,3,4,1,9,7,12,3,8,11,10,6,5,2,8,10,5,6,4,9,2,1,3,11,12,7,11,7,3,2,5,8,6,9,12,4,10,1,3,2,4,11,8,1,10,7,6,5,9,12,9,5,11,12,6,7,3,2,1,10,4,8,6,8,1,9,10,2,12,5,4,3,7,11,7,12,10,4,3,5,9,8,11,2,1,6,10,4,6,1,2,12,7,3,9,8,11,5,12,9,2,5,7,10,11,6,8,1,3,4,1,11,8,3,9,6,4,12,5,7,2,10,5,3,7,8,11,4,1,10,2,12,6,9)
COUNT_NODES=267
COUNT_DEADENDS=236
N:12	p:4	q:3
2 6 C | A 1 B | 5 4 7 | 9 8 3 
4 1 9 | 7 C 3 | 8 B A | 6 5 2 
8 A 5 | 6 4 9 | 2 1 3 | B C 7 
B 7 3 | 2 5 8 | 6 9 C | 4 A 1 
- - - - - - - - - - - - - - - 
3 2 4 | B 8 1 | A 7 6 | 5 9 C 
9 5 B | C 6 7 | 3 2 1 | A 4 8 
6 8 1 | 9 A 2 | C 5 4 | 3 7 B 
7 C A | 4 3 5 | 9 8 B | 2 1 6 
- - - - - - - - - - - - - - - 
A 4 6 | 1 2 C | 7 3 9 | 8 B 5 
C 9 2 | 5 7 A | B 6 8 | 1 3 4 
1 B 8 | 3 9 6 | 4 C 5 | 7 2 A 
5 3 7 | 8 B 4 | 1 A 2 | C 6 9 
