TOTAL_START=Fri Mar 17 10:48:00 2017
PREPROCESSING_START=0
PREPROCESSING_DONE=0
SEARCH_START=Fri Mar 17 10:48:00 2017
SEARCH_DONE=Fri Mar 17 10:48:01 2017
SOLUTION_TIME=1.2647769
STATUS=timeout
SOLUTION=(2,0,0,0,8,0,3,0,0,0,6,0,0,7,0,0,8,4,0,3,0,5,0,0,2,0,9,0,0,0,1,0,5,4,0,8,0,0,0,0,0,0,0,0,0,4,0,2,7,0,6,0,0,0,3,0,1,0,0,7,0,4,0,7,2,0,0,4,0,0,6,0,0,0,4,0,1,0,0,0,3)
COUNT_NODES=39
COUNT_DEADENDS=32
N:9	p:3	q:3
2 0 0 | 0 8 0 | 3 0 0 
0 6 0 | 0 7 0 | 0 8 4 
0 3 0 | 5 0 0 | 2 0 9 
- - - - - - - - - - - 
0 0 0 | 1 0 5 | 4 0 8 
0 0 0 | 0 0 0 | 0 0 0 
4 0 2 | 7 0 6 | 0 0 0 
- - - - - - - - - - - 
3 0 1 | 0 0 7 | 0 4 0 
7 2 0 | 0 4 0 | 0 6 0 
0 0 4 | 0 1 0 | 0 0 3 
