TOTAL_START=Fri Mar 17 09:08:51 2017
PREPROCESSING_START=0
PREPROCESSING_DONE=0
SEARCH_START=Fri Mar 17 09:08:51 2017
SEARCH_DONE=Fri Mar 17 09:08:51 2017
SOLUTION_TIME=0.4302330
STATUS=success
SOLUTION=(5,2,3,8,1,6,7,4,9,7,8,4,5,9,3,1,2,6,6,9,1,4,7,2,8,3,5,2,3,9,1,4,5,6,8,7,4,5,7,2,6,8,9,1,3,1,6,8,9,3,7,2,5,4,3,4,2,7,8,9,5,6,1,9,1,5,6,2,4,3,7,8,8,7,6,3,5,1,4,9,2)
COUNT_NODES=13
COUNT_DEADENDS=10
N:9	p:3	q:3
5 2 3 | 8 1 6 | 7 4 9 
7 8 4 | 5 9 3 | 1 2 6 
6 9 1 | 4 7 2 | 8 3 5 
- - - - - - - - - - - 
2 3 9 | 1 4 5 | 6 8 7 
4 5 7 | 2 6 8 | 9 1 3 
1 6 8 | 9 3 7 | 2 5 4 
- - - - - - - - - - - 
3 4 2 | 7 8 9 | 5 6 1 
9 1 5 | 6 2 4 | 3 7 8 
8 7 6 | 3 5 1 | 4 9 2 
