TOTAL_START=Fri Mar 17 09:08:40 2017
PREPROCESSING_START=0
PREPROCESSING_DONE=0
SEARCH_START=Fri Mar 17 09:08:40 2017
SEARCH_DONE=Fri Mar 17 09:08:49 2017
SOLUTION_TIME=9.3405550
STATUS=timeout
SOLUTION=(0,0,0,0,0,0,9,0,7,0,0,0,4,2,0,1,8,0,0,0,0,7,0,5,0,2,6,1,0,0,9,0,4,0,0,0,0,5,0,0,0,0,0,4,0,0,0,0,5,0,7,0,0,9,9,2,0,1,0,8,0,0,0,0,3,4,0,5,9,0,0,0,5,0,7,0,0,0,0,0,0)
COUNT_NODES=243
COUNT_DEADENDS=232
N:9	p:3	q:3
0 0 0 | 0 0 0 | 9 0 7 
0 0 0 | 4 2 0 | 1 8 0 
0 0 0 | 7 0 5 | 0 2 6 
- - - - - - - - - - - 
1 0 0 | 9 0 4 | 0 0 0 
0 5 0 | 0 0 0 | 0 4 0 
0 0 0 | 5 0 7 | 0 0 9 
- - - - - - - - - - - 
9 2 0 | 1 0 8 | 0 0 0 
0 3 4 | 0 5 9 | 0 0 0 
5 0 7 | 0 0 0 | 0 0 0 
