TOTAL_START=Fri Mar 17 09:08:35 2017
PREPROCESSING_START=0
PREPROCESSING_DONE=0
SEARCH_START=Fri Mar 17 09:08:35 2017
SEARCH_DONE=Fri Mar 17 09:08:35 2017
SOLUTION_TIME=0.6445744
STATUS=timeout
SOLUTION=(0,3,0,0,5,0,0,4,0,0,0,8,0,1,0,5,0,0,4,6,0,0,0,0,0,1,2,0,7,0,5,0,2,0,8,0,0,0,0,6,0,3,0,0,0,0,4,0,1,0,9,0,3,0,2,5,0,0,0,0,0,9,8,0,0,1,0,2,0,6,0,0,0,8,0,0,6,0,0,2,0)
COUNT_NODES=23
COUNT_DEADENDS=19
N:9	p:3	q:3
0 3 0 | 0 5 0 | 0 4 0 
0 0 8 | 0 1 0 | 5 0 0 
4 6 0 | 0 0 0 | 0 1 2 
- - - - - - - - - - - 
0 7 0 | 5 0 2 | 0 8 0 
0 0 0 | 6 0 3 | 0 0 0 
0 4 0 | 1 0 9 | 0 3 0 
- - - - - - - - - - - 
2 5 0 | 0 0 0 | 0 9 8 
0 0 1 | 0 2 0 | 6 0 0 
0 8 0 | 0 6 0 | 0 2 0 
