TOTAL_START=Fri Mar 17 09:05:05 2017
PREPROCESSING_START=0
PREPROCESSING_DONE=0
SEARCH_START=Fri Mar 17 09:05:05 2017
SEARCH_DONE=Fri Mar 17 09:05:05 2017
SOLUTION_TIME=0.4966831
STATUS=success
SOLUTION=(1,3,7,2,5,6,8,4,9,9,2,8,3,1,4,5,6,7,4,6,5,8,9,7,3,1,2,6,7,3,5,4,2,9,8,1,8,1,9,6,7,3,2,5,4,5,4,2,1,8,9,7,3,6,2,5,6,7,3,1,4,9,8,3,9,1,4,2,8,6,7,5,7,8,4,9,6,5,1,2,3)
COUNT_NODES=8
COUNT_DEADENDS=2
N:9	p:3	q:3
1 3 7 | 2 5 6 | 8 4 9 
9 2 8 | 3 1 4 | 5 6 7 
4 6 5 | 8 9 7 | 3 1 2 
- - - - - - - - - - - 
6 7 3 | 5 4 2 | 9 8 1 
8 1 9 | 6 7 3 | 2 5 4 
5 4 2 | 1 8 9 | 7 3 6 
- - - - - - - - - - - 
2 5 6 | 7 3 1 | 4 9 8 
3 9 1 | 4 2 8 | 6 7 5 
7 8 4 | 9 6 5 | 1 2 3 
